{
  "nbformat": 4,
  "nbformat_minor": 0,
  "metadata": {
    "colab": {
      "provenance": []
    },
    "kernelspec": {
      "name": "python3",
      "display_name": "Python 3"
    },
    "language_info": {
      "name": "python"
    }
  },
  "cells": [
    {
      "cell_type": "code",
      "source": [
        "import numpy as np\n",
        "\n",
        "# Define grid size\n",
        "rows, cols = 5, 5\n",
        "\n",
        "# Initialize grid\n",
        "grid = np.zeros((rows, cols))\n",
        "# Define passenger pickup points and their rewards\n",
        "regular_reward = 20\n",
        "premium_reward = 30\n",
        "\n",
        "\n",
        "locations={'A':(0,1),'B':(0,3),'C':(4,0),'D':(4,4)}\n",
        "\n",
        "# Define restricted area (negative reward)\n",
        "restricted_area = [(0, 2),(1,2),(2,2)]\n",
        "\n",
        "\n",
        "# Define live-in reward\n",
        "live_in_reward = -0.1\n",
        "\n",
        "# Define possible actions: Up, Down, Left, Right\n",
        "actions = [(-1, 0), (1, 0), (0, -1), (0, 1)]\n",
        "\n",
        "# Define transition probabilities\n",
        "intended_direction_probability = 0.8\n",
        "unintended_direction_probability = 0.1  #its for one direction\n",
        "\n",
        "start_position=[(3,1)]\n",
        "\n",
        "# Define discount factor\n",
        "gamma = 0.9\n",
        "\n",
        "\n",
        "# Perform Value Iteration\n",
        "def valueIterationAlogirthm(grid,restricted_area,pickup_points):\n",
        "  num_iterations = 100\n",
        "  for k in range(num_iterations):\n",
        "      new_grid = np.copy(grid)\n",
        "      for i in range(rows):\n",
        "          for j in range(cols):\n",
        "              if (i, j) not in  restricted_area and (i,j) not in pickup_points:\n",
        "                  max_value = float('-inf')\n",
        "                  for action in actions:\n",
        "                      next_i, next_j = i + action[0], j + action[1]\n",
        "                      if 0 <= next_i < rows and 0 <= next_j < cols:\n",
        "                          if (next_i,next_j)  in pickup_points:\n",
        "                            intended_value = grid[next_i, next_j] * 0.9\n",
        "                          else:\n",
        "                            intended_value = grid[next_i, next_j] * intended_direction_probability\n",
        "                          unintended_value = sum(grid[i + a[0], j + a[1]] if 0 <= i + a[0] < rows and 0 <= j + a[1] < cols else 0 for a in actions if a != action) * unintended_direction_probability\n",
        "                          value = (intended_value + unintended_value)* gamma\n",
        "                          value += live_in_reward\n",
        "                          if value > max_value:\n",
        "                              max_value = value\n",
        "                  new_grid[i, j] = max_value\n",
        "      if np.max(new_grid-grid)<0.01:\n",
        "        break\n",
        "      grid = np.copy(new_grid)\n",
        "  return grid\n",
        "\n",
        "\n",
        "#Main function\n",
        "def reinforcementAlgorithm(pickup_points):\n",
        "  grid = np.zeros((rows, cols))\n",
        "  pickups=[]\n",
        "  for point,req in pickup_points.items():\n",
        "    if req['type'] =='R':\n",
        "      grid[req['pos']] = regular_reward\n",
        "    else:\n",
        "       grid[req['pos']] = premium_reward\n",
        "    pickups.append(req['pos'])\n",
        "  print(\"pickups\",pickups)\n",
        "  for i in restricted_area:\n",
        "    grid[i] = -10\n",
        "  value_grid=valueIterationAlogirthm(grid,restricted_area,pickups)\n",
        "  return value_grid,pickups"
      ],
      "metadata": {
        "id": "Fpe3R3cHiT0s"
      },
      "execution_count": null,
      "outputs": []
    },
    {
      "cell_type": "markdown",
      "source": [],
      "metadata": {
        "id": "C8jVe7kcnlY2"
      }
    },
    {
      "cell_type": "markdown",
      "source": [],
      "metadata": {
        "id": "g1al0B77nkcU"
      }
    },
    {
      "cell_type": "code",
      "source": [
        "#given grid this functions returns taxi path from its start location to pickuppoint\n",
        "def getmeTaxiPath(start_location,grid,pickup_points):\n",
        "  path = [start_location]\n",
        "  while True:\n",
        "    i=start_location[0]\n",
        "    j=start_location[1]\n",
        "    if start_location in pickup_points:\n",
        "      break\n",
        "    else:\n",
        "      max_action = np.argmax([grid[i + a[0], j + a[1]] if 0 <= i + a[0] < rows and 0 <= j + a[1] < cols else 0  for a in actions])\n",
        "      start_location=(i + actions[max_action][0],\n",
        "          j + actions[max_action][1])\n",
        "      path.append(start_location)\n",
        "  return path"
      ],
      "metadata": {
        "id": "PKe05L6Q4c9w"
      },
      "execution_count": null,
      "outputs": []
    },
    {
      "cell_type": "code",
      "source": [
        "#R1 The agent should pick up a regular customer from position A. In this scenario only one customer has made a request to the agent. The taxi starts in position (2,2). To demonstrate that your code is working,\n",
        "#produce the optimal policy.\n",
        "pickup_points={'A':{'pos':(0,1),'type':'R'}}\n",
        "value_grid,pickups=reinforcementAlgorithm(pickup_points)\n",
        "print(value_grid)\n",
        "start_location=(3,1)\n",
        "print(\"TAXI PATH------->\",getmeTaxiPath(start_location,value_grid,pickups))"
      ],
      "metadata": {
        "id": "a4ZxdPvMA2rE",
        "colab": {
          "base_uri": "https://localhost:8080/"
        },
        "outputId": "d6b7aa67-2a06-4901-fef0-836d2424dd29"
      },
      "execution_count": null,
      "outputs": [
        {
          "output_type": "stream",
          "name": "stdout",
          "text": [
            "pickups [(0, 1)]\n",
            "[[ 17.50044097  20.         -10.           2.57629282   3.98317587]\n",
            " [ 15.5604549   17.88438051 -10.           4.47956492   5.34885679]\n",
            " [ 13.42972907  14.26599401 -10.           6.6197475    6.51965601]\n",
            " [ 11.58068439  13.11781668  10.12706305   9.21247157   7.69780117]\n",
            " [  9.23069603  11.0289028    9.48463814   8.13760122   6.45189901]]\n",
            "TAXI PATH-------> [(3, 1), (2, 1), (1, 1), (0, 1)]\n"
          ]
        }
      ]
    },
    {
      "cell_type": "code",
      "source": [
        "#R2 The agent should pick up a premium customer from position B. In this scenario only one customer has\n",
        "#made a request to the agent. The taxi’s start position is (2,2). To demonstrate that your code is working,\n",
        "#visualize the optimal policy using your preferred method.\n",
        "\n",
        "pickup_points={'B':{'pos':(0,3),'type':'R'}}\n",
        "value_grid,pickups=reinforcementAlgorithm(pickup_points)\n",
        "print(value_grid)\n",
        "start_location=(3,1)\n",
        "print(\"TAXI PATH--------->\",getmeTaxiPath(start_location,value_grid,pickups))\n"
      ],
      "metadata": {
        "id": "yUHwppnVHbUr",
        "colab": {
          "base_uri": "https://localhost:8080/"
        },
        "outputId": "3874c5f9-9a8a-46a8-f50e-a7531d7a9dd5"
      },
      "execution_count": null,
      "outputs": [
        {
          "output_type": "stream",
          "name": "stdout",
          "text": [
            "pickups [(0, 3)]\n",
            "[[  3.98317587   2.57629282 -10.          20.          17.50044097]\n",
            " [  5.34885679   4.47956492 -10.          17.88438051  15.5604549 ]\n",
            " [  6.51965601   6.6197475  -10.          14.26599401  13.42972907]\n",
            " [  7.69780117   9.21247157  10.12706305  13.11781668  11.58068439]\n",
            " [  6.45189901   8.13760122   9.48463814  11.0289028    9.23069603]]\n",
            "TAXI PATH---------> [(3, 1), (3, 2), (3, 3), (2, 3), (1, 3), (0, 3)]\n"
          ]
        }
      ]
    },
    {
      "cell_type": "code",
      "source": [
        "#R3  The agent should pick up a premium customer from position B. In this scenario two customers have\n",
        "#made requests to the agent, a regular customer at point A and a premium customer at position B. The\n",
        "#taxi’s start position is (2,2). To demonstrate that your code is working, visualize the optimal policy using\n",
        "#your preferred method.\n",
        "pickup_points={'B':{'pos':(0,3),'type':'P'},'A':{'pos':(0,1),'type':'R'}}\n",
        "value_grid,pickups=reinforcementAlgorithm(pickup_points)\n",
        "print(value_grid)\n",
        "start_location=(3,1)\n",
        "print(\"TAXI PATH ..........\",getmeTaxiPath(start_location,value_grid,pickups))"
      ],
      "metadata": {
        "id": "Lhe53uxbJZ--",
        "colab": {
          "base_uri": "https://localhost:8080/"
        },
        "outputId": "bc8a51f1-7c21-42be-8985-1ed4cbb1d681"
      },
      "execution_count": null,
      "outputs": [
        {
          "output_type": "stream",
          "name": "stdout",
          "text": [
            "pickups [(0, 3), (0, 1)]\n",
            "[[ 17.50406374  20.         -10.          30.          26.35362045]\n",
            " [ 15.60070278  17.91276822 -10.          27.48162527  23.92911475]\n",
            " [ 13.65025909  14.54114797 -10.          22.53338371  20.7845696 ]\n",
            " [ 13.43375309  15.73696013  16.80111895  20.84688487  18.08443914]\n",
            " [ 10.88812643  13.58197811  15.2996238   17.5904421   14.50395149]]\n",
            "TAXI PATH .......... [(3, 1), (3, 2), (3, 3), (2, 3), (1, 3), (0, 3)]\n"
          ]
        }
      ]
    },
    {
      "cell_type": "code",
      "source": [
        "#R4 : Run 1000 episodes with random locations of customers. At any given episode, a customer request\n",
        "#originating at any of the 4 pickup points is generated at random. A further request (at a point also chosen\n",
        "#at random but different from the first chosen point) may happen with probability 0.6. When two requests\n",
        "#are received, one of these two (randomly chosen) requests happen to be from a premium customer with\n",
        "#probability 0.3. The taxi position should also be chosen randomly from any location in the grid except for\n",
        "#position R.\n",
        "import random\n",
        "\n",
        "index_locations={0:'A',1:'B',2:'C',3:'D'}\n",
        "customer_type={0:'P',1:'R'}\n",
        "probability_second_request=0.6\n",
        "\n",
        "#genrate random requests of customers with probabilites mentioned\n",
        "def generateRequest():\n",
        "  requests={}\n",
        "  value=random.randint(0,3)\n",
        "  customer_pickUp_point=index_locations[value]\n",
        "  customer_coordinates=locations[customer_pickUp_point]\n",
        "  cust_type1=customer_type[random.randint(0,1)]\n",
        "  cust_type2=''\n",
        "  requests[customer_pickUp_point]={'pos':customer_coordinates,'type': cust_type1}\n",
        "  if(random.random()<probability_second_request):\n",
        "    exclude=[value]\n",
        "    numbers = [num for num in range(0, 4) if num not in exclude]\n",
        "    value=random.choice(numbers)\n",
        "    customer_pickUp_point=index_locations[value]\n",
        "    customer_coordinates=locations[customer_pickUp_point]\n",
        "    if random.random() < 0.3:\n",
        "             cust_type2 = 'P'\n",
        "    else:\n",
        "      cust_type2 = 'R'\n",
        "    requests[customer_pickUp_point]={'pos':customer_coordinates,'type': cust_type2}\n",
        "  return requests,[cust_type1,cust_type2]\n",
        "\n",
        "\n",
        "# randomly generate taxi start location\n",
        "def generateRandomTaxiStart_location():\n",
        "   valid_cells = [(i, j) for i in range(4) for j in range(4) if (i, j) not in  restricted_area]\n",
        "   random_value_index=random.randint(0,len(valid_cells)-1)\n",
        "   return valid_cells[random_value_index]\n",
        "\n",
        "count=0 # no of times premium customer has been preferred\n",
        "number_times_request=0 # no of times two requests of Premium and Regular customer request has been sent\n",
        "for i in range(0,1000):\n",
        "  print(\"Episode..............\", i)\n",
        "  start_location=generateRandomTaxiStart_location()\n",
        "  customer_requests,type_cust=generateRequest()\n",
        "  value_grid,pickups=reinforcementAlgorithm(customer_requests)\n",
        "  print(value_grid)\n",
        "  current_location=getmeTaxiPath(start_location,value_grid,pickups)\n",
        "  start_location=current_location[len(current_location)-1]\n",
        "  if(len(pickups)==2 and 'P' in type_cust and 'R' in type_cust):\n",
        "    number_times_request+=1\n",
        "    tuple_values=customer_requests.values()\n",
        "    for i in tuple_values:\n",
        "      if i['pos']==start_location and i['type']=='P':\n",
        "        count+=1\n",
        "\n",
        "print(\"fraction in which agent chooses premium over regular----->\",count/number_times_request)\n",
        "\n",
        "\n",
        "\n",
        "\n",
        "\n"
      ],
      "metadata": {
        "id": "VmQ6kaIoJbM3",
        "colab": {
          "base_uri": "https://localhost:8080/"
        },
        "outputId": "60dd7f13-6cba-4ff6-9a26-e3b42dc3f31b"
      },
      "execution_count": null,
      "outputs": [
        {
          "output_type": "stream",
          "name": "stdout",
          "text": [
            "\u001b[1;30;43mStreaming output truncated to the last 5000 lines.\u001b[0m\n",
            " [ 16.72413857  21.08420515  24.65254524  28.88409698  30.        ]]\n",
            "Episode.............. 286\n",
            "pickups [(0, 3), (4, 4)]\n",
            "[[  6.41201552   5.19738073 -10.          20.          17.53342809]\n",
            " [  8.40835967   7.80831962 -10.          18.00043765  15.92705108]\n",
            " [ 10.04171315  10.54113212 -10.          15.18923468  16.5415391 ]\n",
            " [ 11.72286868  13.79897601  14.7897295   18.16734973  19.2237938 ]\n",
            " [ 10.93714031  13.86539786  16.30454465  19.20246013  20.        ]]\n",
            "Episode.............. 287\n",
            "pickups [(4, 0)]\n",
            "[[ 16.02982357  13.65437975 -10.           9.53977478  10.3973828 ]\n",
            " [ 20.69648827  18.34957234 -10.          13.33884779  13.40081864]\n",
            " [ 24.58658463  22.58135395 -10.          17.05589629  15.78405864]\n",
            " [ 28.87743015  27.38485856  22.8650435   21.43724877  18.26038478]\n",
            " [ 30.          28.88322817  24.65100652  21.08306843  16.72209062]]\n",
            "Episode.............. 288\n",
            "pickups [(0, 3)]\n",
            "[[  3.98317587   2.57629282 -10.          20.          17.50044097]\n",
            " [  5.34885679   4.47956492 -10.          17.88438051  15.5604549 ]\n",
            " [  6.51965601   6.6197475  -10.          14.26599401  13.42972907]\n",
            " [  7.69780117   9.21247157  10.12706305  13.11781668  11.58068439]\n",
            " [  6.45189901   8.13760122   9.48463814  11.0289028    9.23069603]]\n",
            "Episode.............. 289\n",
            "pickups [(0, 1), (4, 0)]\n",
            "[[ 17.98704456  20.         -10.           9.53451308  10.40265885]\n",
            " [ 20.96719167  19.12648508 -10.          13.34473264  13.39699226]\n",
            " [ 24.621       22.6605012  -10.          17.05789461  15.78962855]\n",
            " [ 28.88127988  27.39373421  22.87164251  21.44383814  18.26288219]\n",
            " [ 30.          28.88409698  24.65254524  21.08420515  16.72413857]]\n",
            "Episode.............. 290\n",
            "pickups [(4, 0)]\n",
            "[[ 16.02982357  13.65437975 -10.           9.53977478  10.3973828 ]\n",
            " [ 20.69648827  18.34957234 -10.          13.33884779  13.40081864]\n",
            " [ 24.58658463  22.58135395 -10.          17.05589629  15.78405864]\n",
            " [ 28.87743015  27.38485856  22.8650435   21.43724877  18.26038478]\n",
            " [ 30.          28.88322817  24.65100652  21.08306843  16.72209062]]\n",
            "Episode.............. 291\n",
            "pickups [(4, 0)]\n",
            "[[ 10.39068539   8.13708196 -10.           5.15783236   6.38705123]\n",
            " [ 13.5532554   11.39269038 -10.           7.76628992   8.36496067]\n",
            " [ 16.24047879  14.50077168 -10.          10.48498948   9.99860088]\n",
            " [ 19.18835424  18.07522975  14.71588079  13.73555187  11.66954294]\n",
            " [ 20.          19.19274659  16.28940689  13.84664659  10.91985318]]\n",
            "Episode.............. 292\n",
            "pickups [(4, 0), (0, 1)]\n",
            "[[ 17.98704456  20.         -10.           9.53451308  10.40265885]\n",
            " [ 20.96719167  19.12648508 -10.          13.34473264  13.39699226]\n",
            " [ 24.621       22.6605012  -10.          17.05789461  15.78962855]\n",
            " [ 28.88127988  27.39373421  22.87164251  21.44383814  18.26288219]\n",
            " [ 30.          28.88409698  24.65254524  21.08420515  16.72413857]]\n",
            "Episode.............. 293\n",
            "pickups [(4, 4)]\n",
            "[[  6.38705123   5.15783236 -10.           8.13708196  10.39068539]\n",
            " [  8.36496067   7.76628992 -10.          11.39269038  13.5532554 ]\n",
            " [  9.99860088  10.48498948 -10.          14.50077168  16.24047879]\n",
            " [ 11.66954294  13.73555187  14.71588079  18.07522975  19.18835424]\n",
            " [ 10.91985318  13.84664659  16.28940689  19.19274659  20.        ]]\n",
            "Episode.............. 294\n",
            "pickups [(0, 1), (4, 4)]\n",
            "[[ 17.54433408  20.         -10.          13.65086286  16.02869916]\n",
            " [ 16.04845445  18.22463966 -10.          18.34877671  20.69474665]\n",
            " [ 16.11814378  17.55955219 -10.          22.58024735  24.58632961]\n",
            " [ 18.32494025  21.49281638  22.86882667  27.38517414  28.8772377 ]\n",
            " [ 16.73214121  21.08762552  24.6518807   28.88311709  30.        ]]\n",
            "Episode.............. 295\n",
            "pickups [(0, 1)]\n",
            "[[ 26.35362467  30.         -10.           6.09181245   7.19381234]\n",
            " [ 23.92916273  27.48161177 -10.           8.95961154   9.36870816]\n",
            " [ 20.78441426  22.53318924 -10.          11.90015558  11.1407653 ]\n",
            " [ 18.08254836  20.84316775  16.76759165  15.40882195  12.95350371]\n",
            " [ 14.50219531  17.58618364  15.27045254  13.32564871  10.66031291]]\n",
            "Episode.............. 296\n",
            "pickups [(0, 3), (4, 4)]\n",
            "[[  6.41201552   5.19738073 -10.          20.          17.53342809]\n",
            " [  8.40835967   7.80831962 -10.          18.00043765  15.92705108]\n",
            " [ 10.04171315  10.54113212 -10.          15.18923468  16.5415391 ]\n",
            " [ 11.72286868  13.79897601  14.7897295   18.16734973  19.2237938 ]\n",
            " [ 10.93714031  13.86539786  16.30454465  19.20246013  20.        ]]\n",
            "Episode.............. 297\n",
            "pickups [(0, 1), (4, 4)]\n",
            "[[ 26.3535745   30.         -10.           8.26467215  10.43398422]\n",
            " [ 23.92880038  27.48193322 -10.          11.5770703   13.60387027]\n",
            " [ 20.78787958  22.53772525 -10.          14.73978652  16.28799202]\n",
            " [ 18.12363313  20.90731431  17.22299116  18.3851608   19.21977524]\n",
            " [ 14.54704186  17.77614968  16.92879173  19.27718279  20.        ]]\n",
            "Episode.............. 298\n",
            "pickups [(0, 1), (4, 4)]\n",
            "[[ 17.5017241   20.         -10.           8.13283801  10.38289633]\n",
            " [ 15.57583729  17.89534964 -10.          11.38790592  13.55093995]\n",
            " [ 13.51417792  14.37612152 -10.          14.50239157  16.2388848 ]\n",
            " [ 12.31040753  14.17317327  14.75824759  18.07834472  19.18848411]\n",
            " [ 11.01036189  13.89981773  16.29714462  19.19371577  20.        ]]\n",
            "Episode.............. 299\n",
            "pickups [(0, 1)]\n",
            "[[ 26.35362467  30.         -10.           6.09181245   7.19381234]\n",
            " [ 23.92916273  27.48161177 -10.           8.95961154   9.36870816]\n",
            " [ 20.78441426  22.53318924 -10.          11.90015558  11.1407653 ]\n",
            " [ 18.08254836  20.84316775  16.76759165  15.40882195  12.95350371]\n",
            " [ 14.50219531  17.58618364  15.27045254  13.32564871  10.66031291]]\n",
            "Episode.............. 300\n",
            "pickups [(0, 1), (4, 4)]\n",
            "[[ 17.5017241   20.         -10.           8.13283801  10.38289633]\n",
            " [ 15.57583729  17.89534964 -10.          11.38790592  13.55093995]\n",
            " [ 13.51417792  14.37612152 -10.          14.50239157  16.2388848 ]\n",
            " [ 12.31040753  14.17317327  14.75824759  18.07834472  19.18848411]\n",
            " [ 11.01036189  13.89981773  16.29714462  19.19371577  20.        ]]\n",
            "Episode.............. 301\n",
            "pickups [(0, 3), (4, 0)]\n",
            "[[ 10.43398422   8.26467215 -10.          30.          26.3535745 ]\n",
            " [ 13.60387027  11.5770703  -10.          27.48193322  23.92880038]\n",
            " [ 16.28799202  14.73978652 -10.          22.53772525  20.78787958]\n",
            " [ 19.21977524  18.3851608   17.22299116  20.90731431  18.12363313]\n",
            " [ 20.          19.27718279  16.92879173  17.77614968  14.54704186]]\n",
            "Episode.............. 302\n",
            "pickups [(4, 4), (4, 0)]\n",
            "[[ 10.40141108   8.17951854 -10.           8.17951854  10.40141108]\n",
            " [ 13.57006844  11.4491023  -10.          11.4491023   13.57006844]\n",
            " [ 16.25486512  14.57779051 -10.          14.57779051  16.25486512]\n",
            " [ 19.19849265  18.17280642  15.23793361  18.17280642  19.19849265]\n",
            " [ 20.          19.25350556  16.86612753  19.25350556  20.        ]]\n",
            "Episode.............. 303\n",
            "pickups [(0, 1), (0, 3)]\n",
            "[[ 17.50039664  20.         -10.          20.          17.50039664]\n",
            " [ 15.55994903  17.88457835 -10.          17.88457835  15.55994903]\n",
            " [ 13.42969481  14.26865565 -10.          14.26865565  13.42969481]\n",
            " [ 11.58147903  13.16142415  10.53555589  13.16142415  11.58147903]\n",
            " [  9.23613252  11.08216143   9.82493096  11.08216143   9.23613252]]\n",
            "Episode.............. 304\n",
            "pickups [(0, 1), (0, 3)]\n",
            "[[ 17.50039664  20.         -10.          20.          17.50039664]\n",
            " [ 15.55994903  17.88457835 -10.          17.88457835  15.55994903]\n",
            " [ 13.42969481  14.26865565 -10.          14.26865565  13.42969481]\n",
            " [ 11.58147903  13.16142415  10.53555589  13.16142415  11.58147903]\n",
            " [  9.23613252  11.08216143   9.82493096  11.08216143   9.23613252]]\n",
            "Episode.............. 305\n",
            "pickups [(4, 0)]\n",
            "[[ 16.02982357  13.65437975 -10.           9.53977478  10.3973828 ]\n",
            " [ 20.69648827  18.34957234 -10.          13.33884779  13.40081864]\n",
            " [ 24.58658463  22.58135395 -10.          17.05589629  15.78405864]\n",
            " [ 28.87743015  27.38485856  22.8650435   21.43724877  18.26038478]\n",
            " [ 30.          28.88322817  24.65100652  21.08306843  16.72209062]]\n",
            "Episode.............. 306\n",
            "pickups [(0, 3)]\n",
            "[[  3.98317587   2.57629282 -10.          20.          17.50044097]\n",
            " [  5.34885679   4.47956492 -10.          17.88438051  15.5604549 ]\n",
            " [  6.51965601   6.6197475  -10.          14.26599401  13.42972907]\n",
            " [  7.69780117   9.21247157  10.12706305  13.11781668  11.58068439]\n",
            " [  6.45189901   8.13760122   9.48463814  11.0289028    9.23069603]]\n",
            "Episode.............. 307\n",
            "pickups [(4, 0)]\n",
            "[[ 16.02982357  13.65437975 -10.           9.53977478  10.3973828 ]\n",
            " [ 20.69648827  18.34957234 -10.          13.33884779  13.40081864]\n",
            " [ 24.58658463  22.58135395 -10.          17.05589629  15.78405864]\n",
            " [ 28.87743015  27.38485856  22.8650435   21.43724877  18.26038478]\n",
            " [ 30.          28.88322817  24.65100652  21.08306843  16.72209062]]\n",
            "Episode.............. 308\n",
            "pickups [(4, 0), (4, 4)]\n",
            "[[ 11.01417776   9.79234484 -10.          13.65409925  16.0271043 ]\n",
            " [ 14.22530661  13.61251741 -10.          18.34950456  20.696125  ]\n",
            " [ 16.81788456  17.30645428 -10.          22.5844092   24.58641942]\n",
            " [ 19.55957521  21.62179695  22.88781835  27.38912429  28.87780001]\n",
            " [ 20.          21.41941127  24.68533847  28.88670265  30.        ]]\n",
            "Episode.............. 309\n",
            "pickups [(4, 0), (4, 4)]\n",
            "[[ 16.0271043   13.65409925 -10.           9.79234484  11.01417776]\n",
            " [ 20.696125    18.34950456 -10.          13.61251741  14.22530661]\n",
            " [ 24.58641942  22.5844092  -10.          17.30645428  16.81788456]\n",
            " [ 28.87780001  27.38912429  22.88781835  21.62179695  19.55957521]\n",
            " [ 30.          28.88670265  24.68533847  21.41941127  20.        ]]\n",
            "Episode.............. 310\n",
            "pickups [(4, 0)]\n",
            "[[ 16.02982357  13.65437975 -10.           9.53977478  10.3973828 ]\n",
            " [ 20.69648827  18.34957234 -10.          13.33884779  13.40081864]\n",
            " [ 24.58658463  22.58135395 -10.          17.05589629  15.78405864]\n",
            " [ 28.87743015  27.38485856  22.8650435   21.43724877  18.26038478]\n",
            " [ 30.          28.88322817  24.65100652  21.08306843  16.72209062]]\n",
            "Episode.............. 311\n",
            "pickups [(0, 1), (0, 3)]\n",
            "[[ 17.50406374  20.         -10.          30.          26.35362045]\n",
            " [ 15.60070278  17.91276822 -10.          27.48162527  23.92911475]\n",
            " [ 13.65025909  14.54114797 -10.          22.53338371  20.7845696 ]\n",
            " [ 13.43375309  15.73696013  16.80111895  20.84688487  18.08443914]\n",
            " [ 10.88812643  13.58197811  15.2996238   17.5904421   14.50395149]]\n",
            "Episode.............. 312\n",
            "pickups [(4, 0)]\n",
            "[[ 16.02982357  13.65437975 -10.           9.53977478  10.3973828 ]\n",
            " [ 20.69648827  18.34957234 -10.          13.33884779  13.40081864]\n",
            " [ 24.58658463  22.58135395 -10.          17.05589629  15.78405864]\n",
            " [ 28.87743015  27.38485856  22.8650435   21.43724877  18.26038478]\n",
            " [ 30.          28.88322817  24.65100652  21.08306843  16.72209062]]\n",
            "Episode.............. 313\n",
            "pickups [(0, 3), (0, 1)]\n",
            "[[ 17.50039664  20.         -10.          20.          17.50039664]\n",
            " [ 15.55994903  17.88457835 -10.          17.88457835  15.55994903]\n",
            " [ 13.42969481  14.26865565 -10.          14.26865565  13.42969481]\n",
            " [ 11.58147903  13.16142415  10.53555589  13.16142415  11.58147903]\n",
            " [  9.23613252  11.08216143   9.82493096  11.08216143   9.23613252]]\n",
            "Episode.............. 314\n",
            "pickups [(0, 1), (4, 0)]\n",
            "[[ 17.53342809  20.         -10.           5.19738073   6.41201552]\n",
            " [ 15.92705108  18.00043765 -10.           7.80831962   8.40835967]\n",
            " [ 16.5415391   15.18923468 -10.          10.54113212  10.04171315]\n",
            " [ 19.2237938   18.16734973  14.7897295   13.79897601  11.72286868]\n",
            " [ 20.          19.20246013  16.30454465  13.86539786  10.93714031]]\n",
            "Episode.............. 315\n",
            "pickups [(4, 4), (0, 1)]\n",
            "[[ 26.35531415  30.         -10.          13.64657977  16.01817166]\n",
            " [ 23.94934989  27.49471204 -10.          18.34241289  20.69233085]\n",
            " [ 20.90696734  22.66332234 -10.          22.58295534  24.58419775]\n",
            " [ 19.18545463  22.06904751  22.92525275  27.3893297   28.8775002 ]\n",
            " [ 16.85331402  21.15862266  24.66218787  28.88449627  30.        ]]\n",
            "Episode.............. 316\n",
            "pickups [(4, 0), (0, 1)]\n",
            "[[ 17.98704456  20.         -10.           9.53451308  10.40265885]\n",
            " [ 20.96719167  19.12648508 -10.          13.34473264  13.39699226]\n",
            " [ 24.621       22.6605012  -10.          17.05789461  15.78962855]\n",
            " [ 28.88127988  27.39373421  22.87164251  21.44383814  18.26288219]\n",
            " [ 30.          28.88409698  24.65254524  21.08420515  16.72413857]]\n",
            "Episode.............. 317\n",
            "pickups [(4, 0), (4, 4)]\n",
            "[[ 11.01417776   9.79234484 -10.          13.65409925  16.0271043 ]\n",
            " [ 14.22530661  13.61251741 -10.          18.34950456  20.696125  ]\n",
            " [ 16.81788456  17.30645428 -10.          22.5844092   24.58641942]\n",
            " [ 19.55957521  21.62179695  22.88781835  27.38912429  28.87780001]\n",
            " [ 20.          21.41941127  24.68533847  28.88670265  30.        ]]\n",
            "Episode.............. 318\n",
            "pickups [(4, 4), (0, 3)]\n",
            "[[  7.49430731   6.40838112 -10.          30.          26.35562229]\n",
            " [  9.75517716   9.35996212 -10.          27.48904682  23.95137308]\n",
            " [ 11.58735287  12.37353106 -10.          22.59363626  20.9695383 ]\n",
            " [ 13.47011727  15.95850799  17.26382416  21.26973971  19.90152597]\n",
            " [ 11.53922811  14.48275417  16.8170774   19.52778965  20.        ]]\n",
            "Episode.............. 319\n",
            "pickups [(4, 4), (0, 3)]\n",
            "[[  7.49430731   6.40838112 -10.          30.          26.35562229]\n",
            " [  9.75517716   9.35996212 -10.          27.48904682  23.95137308]\n",
            " [ 11.58735287  12.37353106 -10.          22.59363626  20.9695383 ]\n",
            " [ 13.47011727  15.95850799  17.26382416  21.26973971  19.90152597]\n",
            " [ 11.53922811  14.48275417  16.8170774   19.52778965  20.        ]]\n",
            "Episode.............. 320\n",
            "pickups [(4, 0)]\n",
            "[[ 16.02982357  13.65437975 -10.           9.53977478  10.3973828 ]\n",
            " [ 20.69648827  18.34957234 -10.          13.33884779  13.40081864]\n",
            " [ 24.58658463  22.58135395 -10.          17.05589629  15.78405864]\n",
            " [ 28.87743015  27.38485856  22.8650435   21.43724877  18.26038478]\n",
            " [ 30.          28.88322817  24.65100652  21.08306843  16.72209062]]\n",
            "Episode.............. 321\n",
            "pickups [(4, 4), (0, 1)]\n",
            "[[ 17.54433408  20.         -10.          13.65086286  16.02869916]\n",
            " [ 16.04845445  18.22463966 -10.          18.34877671  20.69474665]\n",
            " [ 16.11814378  17.55955219 -10.          22.58024735  24.58632961]\n",
            " [ 18.32494025  21.49281638  22.86882667  27.38517414  28.8772377 ]\n",
            " [ 16.73214121  21.08762552  24.6518807   28.88311709  30.        ]]\n",
            "Episode.............. 322\n",
            "pickups [(0, 3), (4, 4)]\n",
            "[[  6.41201552   5.19738073 -10.          20.          17.53342809]\n",
            " [  8.40835967   7.80831962 -10.          18.00043765  15.92705108]\n",
            " [ 10.04171315  10.54113212 -10.          15.18923468  16.5415391 ]\n",
            " [ 11.72286868  13.79897601  14.7897295   18.16734973  19.2237938 ]\n",
            " [ 10.93714031  13.86539786  16.30454465  19.20246013  20.        ]]\n",
            "Episode.............. 323\n",
            "pickups [(4, 0), (0, 3)]\n",
            "[[ 10.38289633   8.13283801 -10.          20.          17.5017241 ]\n",
            " [ 13.55093995  11.38790592 -10.          17.89534964  15.57583729]\n",
            " [ 16.2388848   14.50239157 -10.          14.37612152  13.51417792]\n",
            " [ 19.18848411  18.07834472  14.75824759  14.17317327  12.31040753]\n",
            " [ 20.          19.19371577  16.29714462  13.89981773  11.01036189]]\n",
            "Episode.............. 324\n",
            "pickups [(4, 4), (0, 1)]\n",
            "[[ 17.54433408  20.         -10.          13.65086286  16.02869916]\n",
            " [ 16.04845445  18.22463966 -10.          18.34877671  20.69474665]\n",
            " [ 16.11814378  17.55955219 -10.          22.58024735  24.58632961]\n",
            " [ 18.32494025  21.49281638  22.86882667  27.38517414  28.8772377 ]\n",
            " [ 16.73214121  21.08762552  24.6518807   28.88311709  30.        ]]\n",
            "Episode.............. 325\n",
            "pickups [(4, 4), (0, 1)]\n",
            "[[ 17.5017241   20.         -10.           8.13283801  10.38289633]\n",
            " [ 15.57583729  17.89534964 -10.          11.38790592  13.55093995]\n",
            " [ 13.51417792  14.37612152 -10.          14.50239157  16.2388848 ]\n",
            " [ 12.31040753  14.17317327  14.75824759  18.07834472  19.18848411]\n",
            " [ 11.01036189  13.89981773  16.29714462  19.19371577  20.        ]]\n",
            "Episode.............. 326\n",
            "pickups [(0, 1), (0, 3)]\n",
            "[[ 26.35362045  30.         -10.          20.          17.50406374]\n",
            " [ 23.92911475  27.48162527 -10.          17.91276822  15.60070278]\n",
            " [ 20.7845696   22.53338371 -10.          14.54114797  13.65025909]\n",
            " [ 18.08443914  20.84688487  16.80111895  15.73696013  13.43375309]\n",
            " [ 14.50395149  17.5904421   15.2996238   13.58197811  10.88812643]]\n",
            "Episode.............. 327\n",
            "pickups [(4, 4), (0, 1)]\n",
            "[[ 17.54433408  20.         -10.          13.65086286  16.02869916]\n",
            " [ 16.04845445  18.22463966 -10.          18.34877671  20.69474665]\n",
            " [ 16.11814378  17.55955219 -10.          22.58024735  24.58632961]\n",
            " [ 18.32494025  21.49281638  22.86882667  27.38517414  28.8772377 ]\n",
            " [ 16.73214121  21.08762552  24.6518807   28.88311709  30.        ]]\n",
            "Episode.............. 328\n",
            "pickups [(0, 3)]\n",
            "[[  7.19381234   6.09181245 -10.          30.          26.35362467]\n",
            " [  9.36870816   8.95961154 -10.          27.48161177  23.92916273]\n",
            " [ 11.1407653   11.90015558 -10.          22.53318924  20.78441426]\n",
            " [ 12.95350371  15.40882195  16.76759165  20.84316775  18.08254836]\n",
            " [ 10.66031291  13.32564871  15.27045254  17.58618364  14.50219531]]\n",
            "Episode.............. 329\n",
            "pickups [(0, 1)]\n",
            "[[ 17.50044097  20.         -10.           2.57629282   3.98317587]\n",
            " [ 15.5604549   17.88438051 -10.           4.47956492   5.34885679]\n",
            " [ 13.42972907  14.26599401 -10.           6.6197475    6.51965601]\n",
            " [ 11.58068439  13.11781668  10.12706305   9.21247157   7.69780117]\n",
            " [  9.23069603  11.0289028    9.48463814   8.13760122   6.45189901]]\n",
            "Episode.............. 330\n",
            "pickups [(4, 0)]\n",
            "[[ 16.02982357  13.65437975 -10.           9.53977478  10.3973828 ]\n",
            " [ 20.69648827  18.34957234 -10.          13.33884779  13.40081864]\n",
            " [ 24.58658463  22.58135395 -10.          17.05589629  15.78405864]\n",
            " [ 28.87743015  27.38485856  22.8650435   21.43724877  18.26038478]\n",
            " [ 30.          28.88322817  24.65100652  21.08306843  16.72209062]]\n",
            "Episode.............. 331\n",
            "pickups [(4, 4)]\n",
            "[[ 10.3973828    9.53977478 -10.          13.65437975  16.02982357]\n",
            " [ 13.40081864  13.33884779 -10.          18.34957234  20.69648827]\n",
            " [ 15.78405864  17.05589629 -10.          22.58135395  24.58658463]\n",
            " [ 18.26038478  21.43724877  22.8650435   27.38485856  28.87743015]\n",
            " [ 16.72209062  21.08306843  24.65100652  28.88322817  30.        ]]\n",
            "Episode.............. 332\n",
            "pickups [(4, 4)]\n",
            "[[  6.38705123   5.15783236 -10.           8.13708196  10.39068539]\n",
            " [  8.36496067   7.76628992 -10.          11.39269038  13.5532554 ]\n",
            " [  9.99860088  10.48498948 -10.          14.50077168  16.24047879]\n",
            " [ 11.66954294  13.73555187  14.71588079  18.07522975  19.18835424]\n",
            " [ 10.91985318  13.84664659  16.28940689  19.19274659  20.        ]]\n",
            "Episode.............. 333\n",
            "pickups [(4, 4), (4, 0)]\n",
            "[[ 10.40141108   8.17951854 -10.           8.17951854  10.40141108]\n",
            " [ 13.57006844  11.4491023  -10.          11.4491023   13.57006844]\n",
            " [ 16.25486512  14.57779051 -10.          14.57779051  16.25486512]\n",
            " [ 19.19849265  18.17280642  15.23793361  18.17280642  19.19849265]\n",
            " [ 20.          19.25350556  16.86612753  19.25350556  20.        ]]\n",
            "Episode.............. 334\n",
            "pickups [(0, 1)]\n",
            "[[ 17.50044097  20.         -10.           2.57629282   3.98317587]\n",
            " [ 15.5604549   17.88438051 -10.           4.47956492   5.34885679]\n",
            " [ 13.42972907  14.26599401 -10.           6.6197475    6.51965601]\n",
            " [ 11.58068439  13.11781668  10.12706305   9.21247157   7.69780117]\n",
            " [  9.23069603  11.0289028    9.48463814   8.13760122   6.45189901]]\n",
            "Episode.............. 335\n",
            "pickups [(0, 1), (0, 3)]\n",
            "[[ 17.50039664  20.         -10.          20.          17.50039664]\n",
            " [ 15.55994903  17.88457835 -10.          17.88457835  15.55994903]\n",
            " [ 13.42969481  14.26865565 -10.          14.26865565  13.42969481]\n",
            " [ 11.58147903  13.16142415  10.53555589  13.16142415  11.58147903]\n",
            " [  9.23613252  11.08216143   9.82493096  11.08216143   9.23613252]]\n",
            "Episode.............. 336\n",
            "pickups [(4, 4), (4, 0)]\n",
            "[[ 11.01417776   9.79234484 -10.          13.65409925  16.0271043 ]\n",
            " [ 14.22530661  13.61251741 -10.          18.34950456  20.696125  ]\n",
            " [ 16.81788456  17.30645428 -10.          22.5844092   24.58641942]\n",
            " [ 19.55957521  21.62179695  22.88781835  27.38912429  28.87780001]\n",
            " [ 20.          21.41941127  24.68533847  28.88670265  30.        ]]\n",
            "Episode.............. 337\n",
            "pickups [(4, 0), (0, 1)]\n",
